KL values and number of gates for
Device: ibm_nairobi
Reward function: KL
Number of qubits: 6
0.9067250717 OrderedDict([('rz', 45), ('sx', 30), ('cx', 28), ('measure', 6)])
evaluation_data:[0.25831478739335045, 0.2593865291635339, 0.32951722805646666, 0.36040823672311584, 0.36863922990128095, 0.36660748860213266, 0.37485270900946616, 0.32495225528821153, 0.33832401724555217, 0.3088797585653571, 0.32330429535935723, 0.3233613187938321, 0.2922231251419674, 0.2633922746666803, 0.25573702976159957, 0.2920869675857285, 0.2439769711206068, 0.2743448866416558, 0.28685485201135946, 0.25902602593349944, 0.2829213401389243, 0.30878231544397094, 0.30775259339685834, 0.2836460659215351, 0.2703749008472619, 0.25410075936051846, 0.26792063334593397, 0.2877939081900858, 0.306617124529317, 0.24765068935858647, 0.2509608612563951, 0.22527218946651323, 0.2021178876363366, 0.19863781218153775, 0.20558996059927243, 0.18842980032749568, 0.17956622081936402, 0.1373771657261738, 0.16182610842422418, 0.1504116645728404, 0.1752713664250999, 0.15900301557928936, 0.14278700633866817, 0.1436160311309446, 0.1570044247318327, 0.15151225994510237, 0.12496738698103357, 0.12882676371480783, 0.14520793680240734, 0.14549764490145053, 0.12184293518639026, 0.11447711504231908, 0.1246262212012478, 0.12535293885160387, 0.1124742948213753, 0.10934575382502128, 0.10867073222919492, 0.11307080166426645, 0.10782320815374327, 0.10242442756619674, 0.11144337129556471, 0.10958276324052071, 0.11236263612038884, 0.11095376681752854, 0.11260027005301809, 0.1172683650575747, 0.10744058691072075, 0.1141713370233843, 0.1132392674552111, 0.1241169774150834, 0.11176499106218066, 0.1098949842023897, 0.11227614395808692, 0.117642060674512, 0.1044603063066791, 0.11655626828593489, 0.11162709248062141, 0.11032190731105103, 0.10966137098530113, 0.10789308517815158, 0.10850138282582475, 0.10816293425005538, 0.10225375049249107, 0.10450228165556225, 0.11018799537699064, 0.1097340914894369, 0.11132827878531043, 0.10745366558463082, 0.11044373728713458, 0.10417434928987389, 0.10716599812762317, 0.10714712811637797, 0.10194825775243047, 0.09875184429944253, 0.10389120360429518, 0.10044282166448593, 0.10679359283521679, 0.09998677812647058, 0.1015315641162077, 0.10195639039706145, 0.10149996008615925, 0.10355281523175926, 0.09931291652559353, 0.1007691839197132, 0.09528147837785472, 0.09914839941026427, 0.09893516581757181, 0.09731793185097218, 0.10212058589183112, 0.10129699613785301, 0.10631098072827479, 0.10151335784245591, 0.10127422679378653, 0.09839853949831809, 0.09520878420332765, 0.09440914103382063, 0.10109109617899596, 0.10052503793336427, 0.09959212353593984, 0.09767106852974985, 0.10055065317892016, 0.10288957462887192, 0.10032779111789908, 0.09988957493130597, 0.10417164109590754, 0.1033470280295219, 0.10194448303725166, 0.0984020029726779, 0.10063598806213397, 0.0991012721732876, 0.0962114474040657, 0.09627632210270394, 0.09327492828717272, 0.09967188309197017, 0.10065184293033497, 0.09806234453080268, 0.099482803533908, 0.09777842268498746, 0.10120622042398905, 0.099915646057973, 0.09595633494299072, 0.10059496204035256, 0.09981949991491951, 0.10043785591328709, 0.09890043528327007, 0.10119246428617373, 0.10161151753031954, 0.10208848766451512, 0.10242895370451269, 0.1003585237454252, 0.09939879683792116, 0.10254048568479535, 0.0991470280012863, 0.09828669852182834, 0.1005365091155346, 0.09911557570564541, 0.0983257296879525, 0.09770530132795276, 0.09964054202547934, 0.10161927007545787, 0.102690808129957, 0.09930202456490039, 0.10013265431258922, 0.09709165826924898, 0.0992294053362767, 0.10220740181894059, 0.0996634706778391, 0.09569780413422826, 0.1000579768477338, 0.0965934708805935, 0.0990346120441091, 0.09880344647338207, 0.09815920675660092, 0.09900065088694684, 0.0994570304485976, 0.0996653259352974, 0.10021630038581372, 0.09712341185095805, 0.10070937563032527, 0.09623060767017876, 0.10109255146597869, 0.09375975113042077, 0.09734406463764532, 0.09931156439088547, 0.0990841220253737, 0.09953900960262527, 0.09730650911412966, 0.10143602261654013, 0.09946329930310732, 0.10185391775049199, 0.10106497362235631, 0.10103552810008293, 0.10123368470198116, 0.10130227961503634, 0.09931183800964885, 0.10315384496251985, 0.10403387947532049, 0.10532596254882219, 0.10111309355672894, 0.09977272536115567, 0.10127833903084402]
['FullPeepholeOptimiseCX', 'QiskitO3', 'CommutativeInverseCancellation', 'VF2Layout', 'RemoveDiagonalGatesBeforeMeasure', 'RemoveDiagonalGatesBeforeMeasure', 'SabreMapping', 'BasisTranslator', 'InverseCancellation', 'VF2PostLayout', 'QiskitO3', 'QiskitO3', 'Opt2qBlocks', 'Opt2qBlocks', 'CommutativeInverseCancellation', 'CommutativeInverseCancellation', 'VF2PostLayout', 'CommutativeInverseCancellation', 'terminate']
0.894874092 OrderedDict([('rz', 85), ('sx', 47), ('cx', 30), ('measure', 6), ('x', 4)])
0.8968266017 OrderedDict([('rz', 97), ('sx', 56), ('cx', 30), ('measure', 6), ('x', 5)])
0.9062144844 OrderedDict([('rz', 54), ('cx', 28), ('sx', 27), ('measure', 6)])
0.9001813582 OrderedDict([('rz', 85), ('sx', 47), ('cx', 30), ('measure', 6), ('x', 4)])
0.9014487668 OrderedDict([('rz', 43), ('cx', 30), ('sx', 27), ('measure', 6)])
0.9020237853 OrderedDict([('rz', 48), ('cx', 28), ('sx', 27), ('measure', 6)])
0.9098767322 OrderedDict([('rz', 51), ('sx', 30), ('cx', 28), ('measure', 6)])
evaluation_data:[0.26343219519396743, 0.34195735334543537, 0.2709495973451703, 0.2834185462584582, 0.35680200292354775, 0.2913083965408615, 0.3293788457043444, 0.32204360647755437, 0.3165708524372009, 0.3399218936179548, 0.3532607315538963, 0.2909157924917741, 0.3032124206497133, 0.2638193396326914, 0.22903521776987903, 0.2622908149613549, 0.23144776844038914, 0.2139858696681062, 0.23902890357051518, 0.2448351040647042, 0.2852254151136314, 0.248910200900249, 0.2195736743629384, 0.2531296388994866, 0.2875964011553212, 0.2932867380496958, 0.24040536751890268, 0.21929033783460916, 0.25227670427553495, 0.2536798377369325, 0.18774209894590657, 0.1990960796536583, 0.17028288895533028, 0.1751110853101972, 0.19665463175997888, 0.1950205281033804, 0.16710415297159809, 0.18474848424519627, 0.15048336966401715, 0.13494584026952183, 0.119925625840689, 0.12806062443363883, 0.12984700493213286, 0.130982606860731, 0.13068140896875788, 0.13417119649478734, 0.14550773128551717, 0.1392841368802032, 0.13131800393667237, 0.1144810052364674, 0.10872664360594435, 0.11689484510099264, 0.11440447681385897, 0.12095558012852221, 0.11619751387961606, 0.11659906454021879, 0.11399426481470921, 0.11335096015849697, 0.1135724839295566, 0.10864901058516299, 0.12460411447004469, 0.12431922517307623, 0.12024288689027117, 0.11024178015680257, 0.116065465202807, 0.11463123982175884, 0.12200067692909239, 0.11052947626430423, 0.11528206900538596, 0.11581149478216597, 0.10850949707253688, 0.10924893620097655, 0.11268081944675888, 0.11075339775901633, 0.10799871198876268, 0.10743179142842202, 0.11561791752771375, 0.10232274585558274, 0.09683763130342951, 0.09823451040023007, 0.10557716705774653, 0.10030298516418576, 0.10119703466536727, 0.10046373632000213, 0.10050277764059422, 0.10180847270140501, 0.10712689753743071, 0.1064978988430258, 0.09926145261275662, 0.09962967658028271, 0.09838036233403591, 0.09458603060291672, 0.0995809340227593, 0.10118311491221296, 0.09980205075363502, 0.09690686148173625, 0.10361157968332331, 0.10065332961528176, 0.09817722380481808, 0.09983827287319154, 0.09504737002004729, 0.09889335011903955, 0.10050633255245454, 0.1067944258373556, 0.09958116498347838, 0.09716613195907448, 0.09665832896039903, 0.10255310717733146, 0.09776807096346811, 0.09798440396700049, 0.0990579224344699, 0.10158244991075845, 0.09984607612036522, 0.0933318280540278, 0.1014149587373466, 0.09412173384295693, 0.09646615610486013, 0.10045787314932772, 0.09558236074293933, 0.09556780259272296, 0.095449337226601, 0.09671042968117674, 0.09459411824295527, 0.09731957744550498, 0.09702883891747914, 0.09718105744750494, 0.09619873447575199, 0.09390402709030209, 0.09600911907180204, 0.0956894154689436, 0.09447085457555726, 0.09290311535557175, 0.09686917360036107, 0.09651224297855983, 0.09861119862447179, 0.09461860508436112, 0.09450119621864739, 0.09887028030424277, 0.09357644436467122, 0.09492596852310234, 0.09744746651681518, 0.09803780584776056, 0.09443281133526985, 0.09286799375840465, 0.09540789853244945, 0.09678147680999366, 0.09590935624751086, 0.09674691503033755, 0.09356489084945177, 0.09700781893946805, 0.09404325341392926, 0.09553523765735719, 0.0950808686483686, 0.0962044325951886, 0.09540530148019659, 0.09356808628799132, 0.09374932836332839, 0.09536095828846057, 0.09475318655211587, 0.09874225607878974, 0.095577602301544, 0.09817642125964524, 0.09367084936804843, 0.097514208645718, 0.09925754822429692, 0.09833044422521547, 0.0978342458793616, 0.09808416628710309, 0.09912972281873125, 0.0993107233787405, 0.0979059667327073, 0.09746822220622406, 0.10069680279422301, 0.09348697199701798, 0.09347933881552782, 0.09680758766242513, 0.09849518451406013, 0.10086769721063527, 0.0982265014874228, 0.09823672823387569, 0.09948839672659966, 0.0973551006634327, 0.0989791509920267, 0.09773161648780186, 0.09291076605796092, 0.10107980679905375, 0.09813279730247065, 0.09636556362224105, 0.09957915161101397, 0.10032797723280387, 0.09748448257080077, 0.10161506963100482, 0.09644500544333023, 0.09839825304248745, 0.09948871921303662, 0.10250503442252201, 0.09866112853299965, 0.09842479631381047, 0.09633005572947786, 0.10002312883741998, 0.09012326781111815]
['CliffordSimp', 'Optimize1qGatesDecomposition', 'CommutativeInverseCancellation', 'PeepholeOptimise2Q', 'PeepholeOptimise2Q', 'FullPeepholeOptimiseCX', 'CliffordSimp', 'FullPeepholeOptimiseCX', 'Opt2qBlocks', 'CliffordSimp', 'BasisTranslator', 'InverseCancellation', 'SabreMapping', 'Optimize1qGatesDecomposition', 'Optimize1qGatesDecomposition', 'StochasticSwap', 'CommutativeInverseCancellation', 'RemoveDiagonalGatesBeforeMeasure', 'BasisTranslator', 'Opt2qBlocks', 'VF2PostLayout', 'CXCancellation', 'RemoveDiagonalGatesBeforeMeasure', 'Optimize1qGatesDecomposition', 'CXCancellation', 'BasicSwap', 'Opt2qBlocks', 'CommutativeInverseCancellation', 'Opt2qBlocks', 'OptimizeCliffords', 'CXCancellation', 'InverseCancellation', 'Opt2qBlocks', 'BasisTranslator', 'CommutativeInverseCancellation', 'InverseCancellation', 'Opt2qBlocks', 'terminate']
0.8946764767 OrderedDict([('rz', 94), ('sx', 55), ('cx', 30), ('measure', 6), ('x', 4)])
0.9057568724 OrderedDict([('rz', 43), ('cx', 30), ('sx', 27), ('measure', 6)])
0.8974517633 OrderedDict([('rz', 114), ('sx', 63), ('cx', 30), ('measure', 6), ('x', 3)])
0.8893281982 OrderedDict([('rz', 79), ('sx', 39), ('cx', 30), ('measure', 6), ('x', 3)])
0.8946620761 OrderedDict([('rz', 79), ('sx', 39), ('cx', 30), ('measure', 6), ('x', 3)])
0.906575617 OrderedDict([('rz', 41), ('sx', 30), ('cx', 30), ('measure', 6)])
0.898136993 OrderedDict([('rz', 82), ('sx', 50), ('cx', 30), ('measure', 6), ('x', 4)])
0.9039623466 OrderedDict([('rz', 45), ('sx', 30), ('cx', 28), ('measure', 6)])
0.8946115631 OrderedDict([('rz', 58), ('cx', 30), ('sx', 27), ('measure', 6)])
0.8929846395 OrderedDict([('rz', 78), ('sx', 36), ('cx', 30), ('measure', 6)])
0.9094115229 OrderedDict([('rz', 48), ('cx', 28), ('sx', 27), ('measure', 6)])
0.9022560444 OrderedDict([('rz', 88), ('sx', 50), ('cx', 30), ('measure', 6), ('x', 4)])
0.9020393911 OrderedDict([('rz', 45), ('sx', 30), ('cx', 30), ('measure', 6)])
0.8895415555 OrderedDict([('rz', 89), ('sx', 47), ('cx', 30), ('measure', 6), ('x', 3)])
0.8919866912 OrderedDict([('rz', 68), ('sx', 50), ('cx', 30), ('measure', 6), ('x', 4)])
0.9039779154 OrderedDict([('rz', 45), ('sx', 30), ('cx', 28), ('measure', 6)])
0.8972092559 OrderedDict([('rz', 96), ('sx', 36), ('cx', 30), ('measure', 6)])
0.8945931063 OrderedDict([('rz', 116), ('sx', 41), ('cx', 30), ('measure', 6), ('x', 3)])
